10000000
10000011
10000110
10001001
10001100
10001111
10010010
10010101
10011000
10011011
10011110
10100010
10100101
10100111
10101010
10101101
10110000
10110011
10110110
10111001
10111100
10111110
11000001
11000100
11000110
11001001
11001011
11001110
11010000
11010011
11010101
11010111
11011010
11011100
11011110
11100000
11100010
11100100
11100110
11101000
11101010
11101011
11101101
11101110
11110000
11110001
11110011
11110100
11110101
11110110
11111000
11111001
11111010
11111010
11111011
11111100
11111101
11111101
11111110
11111110
11111110
11111111
11111111
11111111
11111111
11111111
11111111
11111111
11111110
11111110
11111110
11111101
11111101
11111100
11111011
11111010
11111010
11111001
11111000
11110110
11110101
11110100
11110011
11110001
11110000
11101110
11101101
11101011
11101010
11101000
11100110
11100100
11100010
11100000
11011110
11011100
11011010
11010111
11010101
11010011
11010000
11001110
11001011
11001001
11000110
11000100
11000001
10111110
10111100
10111001
10110110
10110011
10110000
10101101
10101010
10100111
10100101
10100010
10011110
10011011
10011000
10010101
10010010
10001111
10001100
10001001
10000110
10000011
10000000
1111100
1111001
1110110
1110011
1110000
1101101
1101010
1100111
1100100
1100001
1011101
1011010
1011000
1010101
1010010
1001111
1001100
1001001
1000110
1000011
1000001
111110
111011
111001
110110
110100
110001
101111
101100
101010
101000
100101
100011
100001
11111
11101
11011
11001
10111
10101
10100
10010
10001
1111
1110
1100
1011
1010
1001
111
110
101
101
100
11
10
10
1
1
1
0
0
0
0
0
0
0
1
1
1
10
10
11
100
101
101
110
111
1001
1010
1011
1100
1110
1111
10001
10010
10100
10101
10111
11001
11011
11101
11111
100001
100011
100101
101000
101010
101100
101111
110001
110100
110110
111001
111011
111110
1000001
1000011
1000110
1001001
1001100
1001111
1010010
1010101
1011000
1011010
1011101
1100001
1100100
1100111
1101010
1101101
1110000
1110011
1110110
1111001
1111100