00000000
00111010
00101011
00011111
00101100
00110001
00110011
00101000
00010010
00100100
00100000
00011011
00011000
00000000
00000000
00000000
00000000
00111010
00111000
00100111
01000001
01000100
01000101
00110110
00100110
00111000
00110011
00110001
00101100
00000000
00000000
00000000
00000000
00110010
00100001
00011011
00100111
00101111
00101101
00101100
00110111
00101110
00100111
00101111
01001010
00000000
00000000
00000000
00000000
00011000
00001111
00001110
00010011
00011001
00001111
00010011
00011100
00011011
00010011
00010011
01010010
00000000
00001110
00011100