10000011
01010011
01001111
01100110
01100011
01100110
01100011
01011111
01011111
01101001
01100100
01011111
01011100
01000011
01000011
01000011
10100111
01111000
01101110
01111000
01110010
01101101
01111100
10000101
10000101
01111100
01111000
01111100
01110110
01000011
01000011
01000011
11000111
10010110
10001101
10010000
10011111
10001111
10010101
10100001
10100100
10101111
10011001
10100111
10011000
10000011
01000011
01000011
11000111
10110011
10101001
10101110
10110011
10101001
10110101
10111011
10110101
10111010
10111001
10111011
10100001
10110110
00111001
00111001