00000000
11100001
11100001
11010110
00101001
00100110
00001011
00001010
11110111
00101100
00101100
00101100
00000101
00000000
00000000
00000000
00000000
11111011
11110100
11010110
00101011
00011001
00000111
00000010
11110000
00101100
00101100
00011111
00001110
00000000
00000000
00000000
00000000
00000011
11101100
11010010
00101100
00011001
00001000
11111100
11101111
11010000
00101101
00100000
00010000
11101101
00000000
00000000
00000000
00000101
11100001
11000011
00101100
00010111
11111100
11110011
11101110
11010010
00101100
00011100
00001110
00000000
00000000
00000000
