11111111
00000011
00000110
00001001
00001100
00001111
00010010
00010101
00011000
00011011
00011110
00100010
00100101
00100111
00101010
00101101
00110000
00110011
00110110
00111001
00111100
00111110
01000001
01000100
01000110
01001001
01001011
01001110
01010000
01010011
01010101
01010111
01011010
01011100
01011110
01100000
01100010
01100100
01100110
01101000
01101010
01101011
01101101
01101110
01110000
01110001
01110011
01110100
01110101
01110110
01111000
01111001
01111010
01111010
01111011
01111100
01111101
01111101
01111110
01111110
01111110
01111111
01111111
01111111
01111111
01111111
01111111
01111111
01111110
01111110
01111110
01111101
01111101
01111100
01111011
01111010
01111010
01111001
01111000
01110110
01110101
01110100
01110011
01110001
01110000
01101110
01101101
01101011
01101010
01101000
01100110
01100100
01100010
01100000
01011110
01011100
01011010
01010111
01010101
01010011
01010000
01001110
01001011
01001001
01000110
01000100
01000001
00111110
00111100
00111001
00110110
00110011
00110000
00101101
00101010
00100111
00100101
00100010
00011110
00011011
00011000
00010101
00010010
00001111
00001100
00001001
00000110
00000011
00000000
11111100
11111001
11110110
11110011
11110000
11101101
11101010
11100111
11100100
11100001
11011101
11011010
11011000
11010101
11010010
11001111
11001100
11001001
11000110
11000011
11000001
10111110
10111011
10111001
10110110
10110100
10110001
10101111
10101100
10101010
10101000
10100101
10100011
10100001
10011111
10011101
10011011
10011001
10010111
10010101
10010100
10010010
10010001
10001111
10001110
10001100
10001011
10001010
10001001
10000111
10000110
10000101
10000101
10000100
10000011
10000010
10000010
10000001
10000001
10000001
10000000
10000000
10000000
10000000
10000000
10000000
10000000
10000001
10000001
10000001
10000010
10000010
10000011
10000100
10000101
10000101
10000110
10000111
10001001
10001010
10001011
10001100
10001110
10001111
10010001
10010010
10010100
10010101
10010111
10011001
10011011
10011101
10011111
10100001
10100011
10100101
10101000
10101010
10101100
10101111
10110001
10110100
10110110
10111001
10111011
10111110
11000001
11000011
11000110
11001001
11001100
11001111
11010010
11010101
11011000
11011010
11011101
11100001
11100100
11100111
11101010
11101101
11110000
11110011
11110110
11111001
11111100
